
state={
	id=1163
	name="STATE_1163"

	history={

	}

	provinces={
		1087 1093 1287 1348 1372 1374 1406 1422 1454 3032 8717 13646 13741 13936 13968 13992 14016 14025 14047 14055 14060 14061 14063 14085 14094 14132 14143 14207 14253 14288 17010 17040 17042 17045 17047 17052 17053 17061 17062 17070 17072 17084 17086 17097 17100 17103 17107 17108 17109 17113 17123 17145 17149 17166 17167 17176 17178 17208 17212 17214 17217 17218 17224 17225 17228 17233 17235 17236 17238 17245 17255 17256 17266 17267 17274 17280 17300 17305 17313 17323 17354 17358 17392 17395 17397 17406 17413 17414 17424 17432 17434 17441 17443 17468 18519 18522 21586
	}
	manpower=7
	buildings_max_level_factor=1.000
	state_category=rural
	local_supplies=0.000
}
