state={
	id=1230
	name="STATE_1230"
	provinces={
		27 54 124 156 162 167 170 203 220 234 237 272 276 295 314 334 365 378 393 404 468 487 510 533 552 569 583 610 616 815 818 844 888 938 970 1031 1034 1064 1067 1070 1077 1102 1103 1107 1109 1112 1113 1114 1119 1120 1122 1123 1125 1126 1127 1128 1129 1130 1132 1133 1136 1137 1139 1140 1141 1144 1146 1148 1150 1152 1153 1155 1161 1167 1168 1171 1172 1175 1180 1181 1184 1186 1188 1190 1196 1210 1217 1218 1225 1229 1236 1239 1241 1249 1251 1252 1273 1275 1276 1283 1284 1286 1290 1293 1294 1297 1306 1308 1311 1314 1319 1322 1324 1333 1335 1342 1344 1347 1356 1361 1365 1370 1373 1378 1380 1398 1404 1409 1413 1414 1431 1435 1448 1450 1460 1463 1468 1475 1477 1488 1504 1521 1525 1765 1774 2437 2643 2674 3082 3542 3598 3858 4241 4243 4889 5068 5828 5875 5879 5880 5948 5949 5950 5951 5952 5953 5954 5956 5957 5958 5968 5969 5970 5971 5972 5973 5974 5975 5976 5977 5978 5979 5984 5985 5987 5988 5989 5990 5991 5992 5993 5994 5995 6018 6019 6021 6022 6023 6024 6031 6032 6041 6043 6044 6075 6115 6116 6117 6154 6185 6186 6188 6199 6200 6201 6202 6203 6217 6218 6223 6226 6227 6228 6232 6233 6234 6235 6240 6241 6242 6243 6244 6251 6252 6253 6255 6256 6258 6259 6260 6264 6265 6266 6294 6442 6535 6670 6671 8450 8460 8675 8682 8686 8687 8690 8691 8692 8693 8694 8707 8708 8709 8719 8723 8724 8725 8726 8779 8790 9185 9219 9667 9744 9793 9799 9853 9901 9909 9958 9987 10000 10030 10047 10053 10097 10112 10125 10133 10153 10154 10155 10163 10178 10205 10212 10227 10252 10264 10267 10277 10292 10293 10298 10308 10310 10313 10315 10328 10334 10350 10378 10428 10503 10542 10551 10557 10578 10617 10646 10661 10670 10676 10711 10714 10716 10725 10727 10731 10756 10824 12298 12299 12301 12347 12561 12567 12593 12850 13177 13234 13240 13563 13588 13746 13773 13779 13783 13819 13949 14311 14347 14447 14481 15267 15284 15289 15294 15295 15296 15298 15305 15306 15308 15311 15316 15322 15323 15338 15339 15343 15346 15348 15355 15386 15393 15429 15434 15474 15475 15485 15486 15494 15506 15518 15520 15529 15577 15580 15581 15582 15584 15585 15586 15588 15600 15617 15622 15628 15640 15641 15650 15676 15683 15686 15692 15693 15697 15714 15722 15723 15726 15740 15741 15746 15747 15750 15752 15753 15754 15755 15756 15758 15759 15762 15764 15769 15772 15774 15779 15782 15784 15785 15792 15795 15798 15801 15802 15803 15808 15818 15819 15822 15827 15830 15839 15841 15845 15848 15859 15866 15868 15877 15888 15890 15896 15906 15910 15914 15923 15954 15981 16007 16014 16043 16044 16053 16067 16074 16084 16087 16089 16106 16112 16235 16236 16244 16275 16284 16286 16293 16302 16308 16310 16440 16501 16581 16618 16626 16641 16667 16675 16709 16733 16741 16742 16744 16745 16839 16851 16864 16869 16884 16899 16938 16946 16959 17048 17054 17091 17110 17114 17120 17125 17126 17131 17136 17139 17140 17144 17146 17147 17148 17150 17152 17226 17234 17239 17241 17242 17243 17244 17258 17294 17296 17297 17304 17306 17307 17308 17310 17312 17330 17331 17334 17341 17342 17344 17349 17351 17352 17353 17355 17356 17454 17457 17458 17465 17466 17469 17474 17475 17481 17482 17483 17485 17486 17493 17505 17516 17520 17523 17525 17526 17527 17530 17534 17565 17576 17580 17591 17592 17594 17597 17617 17631 17671 17674 17697 17704 17741 17745 17748 17752 17767 17782 17785 17788 17830 17832 17839 17840 17849 17898 17907 17911 17919 17924 17927 17951 17955 17958 17962 17966 17967 17968 17974 17976 17998 18006 18043 18046 18093 18098 18122 18126 18163 18168 18170 18177 18179 18180 18182 18237 18259 18260 18284 18292 18296 18298 18309 18310 18314 18320 18323 18326 18328 18331 18333 18336 18338 18344 18358 18368 18405 18407 18431 18442 18443 18444 18520 18527 18564 18578 18585 18657 18660 18666 18682 18780 18782 18787 18801 18809 18822 18826 18834 18846 18855 18943 18947 18952 18954 18960 18963 18966 18971 18979 18988 18995 18999 19001 19004 19010 19012 19013 19014 19018 19019 19025 19028 19029 19034 19035 19037 19038 19083 19116 19122 19127 19134 19135 19162 19172 19176 19179 19182 19185 19189 19199 19204 19212 19216 19217 19218 19224 19225 19227 19230 19234 19236 19257 19263 19265 19270 19272 19273 19287 19289 19292 19293 19310 19321 19327 19328 19331 19338 19339 19390 19415 19419 19428 19429 19432 19436 19438 19444 19445 19491 19516 19517 19527 19529 19532 19536 19542 19543 19544 19546 19550 19554 19562 19565 19567 19569 19573 19574 19575 19577 19581 19584 19588 19589 19594 19595 19596 19597 19601 19603 19604 19607 19630 19632 19642 19652 19656 19686 19737 19757 19796 19826 19830 19835 19836 19838 19840 19841 19845 19846 19923 19927 20016 20018 20024 20028 20033 20036 20049 20076 20080 20084 20114 20116 20122 20123 20127 20212 20229 20306 20312 20316 20331 20638 20655 20822 20877 20953 21047 21074 21113 21124 21127 21148 21153 21162 21198 21397 21501 21532 21550 21558 21569 21578 21582 21587 21642 21643 21716 21786 21794
	}
	manpower=100
	buildings_max_level_factor=1.000
	state_category=rural
	local_supplies=0.000
}
